2.000000000000000000e+03
2.004004003999999895e+03
2.008008008000000018e+03
2.012012011999999913e+03
2.016016016000000036e+03
2.020020019999999931e+03
2.024024024000000054e+03
2.028028027999999949e+03
2.032032032000000072e+03
2.036036035999999967e+03
2.040040040000000090e+03
2.044044043999999985e+03
2.048048048000000108e+03
2.052052052000000003e+03
2.056056055999999899e+03
2.060060059999999794e+03
2.064064064000000144e+03
2.068068068000000039e+03
2.072072071999999935e+03
2.076076075999999830e+03
2.080080080000000180e+03
2.084084084000000075e+03
2.088088087999999971e+03
2.092092091999999866e+03
2.096096096000000216e+03
2.100100100000000111e+03
2.104104104000000007e+03
2.108108107999999902e+03
2.112112111999999797e+03
2.116116116000000147e+03
2.120120120000000043e+03
2.124124123999999938e+03
2.128128127999999833e+03
2.132132132000000183e+03
2.136136136000000079e+03
2.140140139999999974e+03
2.144144143999999869e+03
2.148148148000000219e+03
2.152152152000000115e+03
2.156156156000000010e+03
2.160160159999999905e+03
2.164164163999999801e+03
2.168168168000000151e+03
2.172172172000000046e+03
2.176176175999999941e+03
2.180180179999999837e+03
2.184184184000000187e+03
2.188188188000000082e+03
2.192192191999999977e+03
2.196196195999999873e+03
2.200200200000000223e+03
2.204204204000000118e+03
2.208208208000000013e+03
2.212212211999999909e+03
2.216216215999999804e+03
2.220220220000000154e+03
2.224224224000000049e+03
2.228228227999999945e+03
2.232232231999999840e+03
2.236236236000000190e+03
2.240240240000000085e+03
2.244244243999999981e+03
2.248248247999999876e+03
2.252252252000000226e+03
2.256256256000000121e+03
2.260260260000000017e+03
2.264264263999999912e+03
2.268268267999999807e+03
2.272272272000000157e+03
2.276276276000000053e+03
2.280280279999999948e+03
2.284284283999999843e+03
2.288288288000000193e+03
2.292292292000000089e+03
2.296296295999999984e+03
2.300300299999999879e+03
2.304304303999999775e+03
2.308308308000000125e+03
2.312312312000000020e+03
2.316316315999999915e+03
2.320320319999999811e+03
2.324324324000000161e+03
2.328328328000000056e+03
2.332332331999999951e+03
2.336336335999999847e+03
2.340340340000000197e+03
2.344344344000000092e+03
2.348348347999999987e+03
2.352352351999999883e+03
2.356356355999999778e+03
2.360360360000000128e+03
2.364364364000000023e+03
2.368368367999999919e+03
2.372372371999999814e+03
2.376376376000000164e+03
2.380380380000000059e+03
2.384384383999999955e+03
2.388388387999999850e+03
2.392392392000000200e+03
2.396396396000000095e+03
2.400400399999999991e+03
2.404404403999999886e+03
2.408408407999999781e+03
2.412412412000000131e+03
2.416416416000000027e+03
2.420420419999999922e+03
2.424424423999999817e+03
2.428428428000000167e+03
2.432432432000000063e+03
2.436436435999999958e+03
2.440440439999999853e+03
2.444444444000000203e+03
2.448448448000000099e+03
2.452452451999999994e+03
2.456456455999999889e+03
2.460460459999999784e+03
2.464464464000000135e+03
2.468468468000000030e+03
2.472472471999999925e+03
2.476476475999999820e+03
2.480480480000000171e+03
2.484484484000000066e+03
2.488488487999999961e+03
2.492492491999999856e+03
2.496496496000000207e+03
2.500500500999999986e+03
2.504504504999999881e+03
2.508508508999999776e+03
2.512512513000000126e+03
2.516516517000000022e+03
2.520520520999999917e+03
2.524524524999999812e+03
2.528528529000000162e+03
2.532532533000000058e+03
2.536536536999999953e+03
2.540540540999999848e+03
2.544544545000000198e+03
2.548548549000000094e+03
2.552552552999999989e+03
2.556556556999999884e+03
2.560560560999999780e+03
2.564564565000000130e+03
2.568568569000000025e+03
2.572572572999999920e+03
2.576576576999999816e+03
2.580580581000000166e+03
2.584584585000000061e+03
2.588588588999999956e+03
2.592592592999999852e+03
2.596596597000000202e+03
2.600600601000000097e+03
2.604604604999999992e+03
2.608608608999999888e+03
2.612612612999999783e+03
2.616616617000000133e+03
2.620620621000000028e+03
2.624624624999999924e+03
2.628628628999999819e+03
2.632632633000000169e+03
2.636636637000000064e+03
2.640640640999999960e+03
2.644644644999999855e+03
2.648648649000000205e+03
2.652652653000000100e+03
2.656656656999999996e+03
2.660660660999999891e+03
2.664664664999999786e+03
2.668668669000000136e+03
2.672672673000000032e+03
2.676676676999999927e+03
2.680680680999999822e+03
2.684684685000000172e+03
2.688688689000000068e+03
2.692692692999999963e+03
2.696696696999999858e+03
2.700700701000000208e+03
2.704704705000000104e+03
2.708708708999999999e+03
2.712712712999999894e+03
2.716716716999999790e+03
2.720720721000000140e+03
2.724724725000000035e+03
2.728728728999999930e+03
2.732732732999999826e+03
2.736736737000000176e+03
2.740740741000000071e+03
2.744744744999999966e+03
2.748748748999999862e+03
2.752752753000000212e+03
2.756756757000000107e+03
2.760760761000000002e+03
2.764764764999999898e+03
2.768768768999999793e+03
2.772772773000000143e+03
2.776776777000000038e+03
2.780780780999999934e+03
2.784784784999999829e+03
2.788788789000000179e+03
2.792792793000000074e+03
2.796796796999999970e+03
2.800800800999999865e+03
2.804804805000000215e+03
2.808808809000000110e+03
2.812812813000000006e+03
2.816816816999999901e+03
2.820820820999999796e+03
2.824824825000000146e+03
2.828828829000000042e+03
2.832832832999999937e+03
2.836836836999999832e+03
2.840840841000000182e+03
2.844844845000000078e+03
2.848848848999999973e+03
2.852852852999999868e+03
2.856856857000000218e+03
2.860860861000000114e+03
2.864864865000000009e+03
2.868868868999999904e+03
2.872872872999999800e+03
2.876876877000000150e+03
2.880880881000000045e+03
2.884884884999999940e+03
2.888888888999999836e+03
2.892892893000000186e+03
2.896896897000000081e+03
2.900900900999999976e+03
2.904904904999999872e+03
2.908908909000000222e+03
2.912912913000000117e+03
2.916916917000000012e+03
2.920920920999999908e+03
2.924924924999999803e+03
2.928928929000000153e+03
2.932932933000000048e+03
2.936936936999999944e+03
2.940940940999999839e+03
2.944944945000000189e+03
2.948948949000000084e+03
2.952952952999999980e+03
2.956956956999999875e+03
2.960960961000000225e+03
2.964964965000000120e+03
2.968968969000000016e+03
2.972972972999999911e+03
2.976976976999999806e+03
2.980980981000000156e+03
2.984984985000000052e+03
2.988988988999999947e+03
2.992992992999999842e+03
2.996996997000000192e+03
3.001001001000000088e+03
3.005005004999999983e+03
3.009009008999999878e+03
3.013013012999999773e+03
3.017017017000000124e+03
3.021021021000000019e+03
3.025025024999999914e+03
3.029029028999999809e+03
3.033033033000000160e+03
3.037037037000000055e+03
3.041041040999999950e+03
3.045045044999999845e+03
3.049049049000000196e+03
3.053053053000000091e+03
3.057057056999999986e+03
3.061061060999999881e+03
3.065065064999999777e+03
3.069069069000000127e+03
3.073073073000000022e+03
3.077077076999999917e+03
3.081081080999999813e+03
3.085085085000000163e+03
3.089089089000000058e+03
3.093093092999999953e+03
3.097097096999999849e+03
3.101101101000000199e+03
3.105105105000000094e+03
3.109109108999999989e+03
3.113113112999999885e+03
3.117117116999999780e+03
3.121121121000000130e+03
3.125125125000000025e+03
3.129129128999999921e+03
3.133133132999999816e+03
3.137137137000000166e+03
3.141141141000000061e+03
3.145145144999999957e+03
3.149149148999999852e+03
3.153153153000000202e+03
3.157157157000000097e+03
3.161161160999999993e+03
3.165165164999999888e+03
3.169169168999999783e+03
3.173173173000000133e+03
3.177177177000000029e+03
3.181181180999999924e+03
3.185185184999999819e+03
3.189189189000000169e+03
3.193193193000000065e+03
3.197197196999999960e+03
3.201201200999999855e+03
3.205205205000000205e+03
3.209209209000000101e+03
3.213213212999999996e+03
3.217217216999999891e+03
3.221221220999999787e+03
3.225225225000000137e+03
3.229229229000000032e+03
3.233233232999999927e+03
3.237237236999999823e+03
3.241241241000000173e+03
3.245245245000000068e+03
3.249249248999999963e+03
3.253253252999999859e+03
3.257257257000000209e+03
3.261261261000000104e+03
3.265265264999999999e+03
3.269269268999999895e+03
3.273273272999999790e+03
3.277277277000000140e+03
3.281281281000000035e+03
3.285285284999999931e+03
3.289289288999999826e+03
3.293293293000000176e+03
3.297297297000000071e+03
3.301301300999999967e+03
3.305305304999999862e+03
3.309309309000000212e+03
3.313313313000000107e+03
3.317317317000000003e+03
3.321321320999999898e+03
3.325325324999999793e+03
3.329329329000000143e+03
3.333333333000000039e+03
3.337337336999999934e+03
3.341341340999999829e+03
3.345345345000000179e+03
3.349349349000000075e+03
3.353353352999999970e+03
3.357357356999999865e+03
3.361361361000000215e+03
3.365365365000000111e+03
3.369369369000000006e+03
3.373373372999999901e+03
3.377377376999999797e+03
3.381381381000000147e+03
3.385385385000000042e+03
3.389389388999999937e+03
3.393393392999999833e+03
3.397397397000000183e+03
3.401401401000000078e+03
3.405405404999999973e+03
3.409409408999999869e+03
3.413413413000000219e+03
3.417417417000000114e+03
3.421421421000000009e+03
3.425425424999999905e+03
3.429429428999999800e+03
3.433433433000000150e+03
3.437437437000000045e+03
3.441441440999999941e+03
3.445445444999999836e+03
3.449449449000000186e+03
3.453453453000000081e+03
3.457457456999999977e+03
3.461461460999999872e+03
3.465465465000000222e+03
3.469469469000000117e+03
3.473473473000000013e+03
3.477477476999999908e+03
3.481481480999999803e+03
3.485485485000000153e+03
3.489489489000000049e+03
3.493493492999999944e+03
3.497497496999999839e+03
3.501501502000000073e+03
3.505505505999999968e+03
3.509509509999999864e+03
3.513513514000000214e+03
3.517517518000000109e+03
3.521521522000000004e+03
3.525525525999999900e+03
3.529529529999999795e+03
3.533533534000000145e+03
3.537537538000000040e+03
3.541541541999999936e+03
3.545545545999999831e+03
3.549549550000000181e+03
3.553553554000000076e+03
3.557557557999999972e+03
3.561561561999999867e+03
3.565565566000000217e+03
3.569569570000000112e+03
3.573573574000000008e+03
3.577577577999999903e+03
3.581581581999999798e+03
3.585585586000000148e+03
3.589589590000000044e+03
3.593593593999999939e+03
3.597597597999999834e+03
3.601601602000000184e+03
3.605605606000000080e+03
3.609609609999999975e+03
3.613613613999999870e+03
3.617617618000000220e+03
3.621621622000000116e+03
3.625625626000000011e+03
3.629629629999999906e+03
3.633633633999999802e+03
3.637637638000000152e+03
3.641641642000000047e+03
3.645645645999999942e+03
3.649649649999999838e+03
3.653653654000000188e+03
3.657657658000000083e+03
3.661661661999999978e+03
3.665665665999999874e+03
3.669669670000000224e+03
3.673673674000000119e+03
3.677677678000000014e+03
3.681681681999999910e+03
3.685685685999999805e+03
3.689689690000000155e+03
3.693693694000000050e+03
3.697697697999999946e+03
3.701701701999999841e+03
3.705705706000000191e+03
3.709709710000000086e+03
3.713713713999999982e+03
3.717717717999999877e+03
3.721721722000000227e+03
3.725725726000000122e+03
3.729729730000000018e+03
3.733733733999999913e+03
3.737737737999999808e+03
3.741741742000000158e+03
3.745745746000000054e+03
3.749749749999999949e+03
3.753753753999999844e+03
3.757757758000000194e+03
3.761761762000000090e+03
3.765765765999999985e+03
3.769769769999999880e+03
3.773773773999999776e+03
3.777777778000000126e+03
3.781781782000000021e+03
3.785785785999999916e+03
3.789789789999999812e+03
3.793793794000000162e+03
3.797797798000000057e+03
3.801801801999999952e+03
3.805805805999999848e+03
3.809809810000000198e+03
3.813813814000000093e+03
3.817817817999999988e+03
3.821821821999999884e+03
3.825825825999999779e+03
3.829829830000000129e+03
3.833833834000000024e+03
3.837837837999999920e+03
3.841841841999999815e+03
3.845845846000000165e+03
3.849849850000000060e+03
3.853853853999999956e+03
3.857857857999999851e+03
3.861861862000000201e+03
3.865865866000000096e+03
3.869869869999999992e+03
3.873873873999999887e+03
3.877877877999999782e+03
3.881881882000000132e+03
3.885885886000000028e+03
3.889889889999999923e+03
3.893893893999999818e+03
3.897897898000000168e+03
3.901901902000000064e+03
3.905905905999999959e+03
3.909909909999999854e+03
3.913913914000000204e+03
3.917917918000000100e+03
3.921921921999999995e+03
3.925925925999999890e+03
3.929929929999999786e+03
3.933933934000000136e+03
3.937937938000000031e+03
3.941941941999999926e+03
3.945945945999999822e+03
3.949949950000000172e+03
3.953953954000000067e+03
3.957957957999999962e+03
3.961961961999999858e+03
3.965965966000000208e+03
3.969969970000000103e+03
3.973973973999999998e+03
3.977977977999999894e+03
3.981981981999999789e+03
3.985985986000000139e+03
3.989989990000000034e+03
3.993993993999999930e+03
3.997997997999999825e+03
4.002002002000000175e+03
4.006006006000000070e+03
4.010010009999999966e+03
4.014014013999999861e+03
4.018018018000000211e+03
4.022022022000000106e+03
4.026026026000000002e+03
4.030030029999999897e+03
4.034034033999999792e+03
4.038038038000000142e+03
4.042042042000000038e+03
4.046046045999999933e+03
4.050050049999999828e+03
4.054054054000000178e+03
4.058058058000000074e+03
4.062062061999999969e+03
4.066066065999999864e+03
4.070070070000000214e+03
4.074074074000000110e+03
4.078078078000000005e+03
4.082082081999999900e+03
4.086086085999999796e+03
4.090090090000000146e+03
4.094094094000000041e+03
4.098098098000000391e+03
4.102102101999999832e+03
4.106106106000000182e+03
4.110110109999999622e+03
4.114114113999999972e+03
4.118118118000000322e+03
4.122122121999999763e+03
4.126126126000000113e+03
4.130130129999999554e+03
4.134134133999999904e+03
4.138138138000000254e+03
4.142142141999999694e+03
4.146146146000000044e+03
4.150150150000000394e+03
4.154154153999999835e+03
4.158158158000000185e+03
4.162162161999999626e+03
4.166166165999999976e+03
4.170170170000000326e+03
4.174174173999999766e+03
4.178178178000000116e+03
4.182182181999999557e+03
4.186186185999999907e+03
4.190190190000000257e+03
4.194194193999999698e+03
4.198198198000000048e+03
4.202202202000000398e+03
4.206206205999999838e+03
4.210210210000000188e+03
4.214214213999999629e+03
4.218218217999999979e+03
4.222222222000000329e+03
4.226226225999999770e+03
4.230230230000000120e+03
4.234234233999999560e+03
4.238238237999999910e+03
4.242242242000000260e+03
4.246246245999999701e+03
4.250250250000000051e+03
4.254254254000000401e+03
4.258258257999999842e+03
4.262262262000000192e+03
4.266266265999999632e+03
4.270270269999999982e+03
4.274274274000000332e+03
4.278278277999999773e+03
4.282282282000000123e+03
4.286286285999999564e+03
4.290290289999999914e+03
4.294294294000000264e+03
4.298298297999999704e+03
4.302302302000000054e+03
4.306306306000000404e+03
4.310310309999999845e+03
4.314314314000000195e+03
4.318318317999999636e+03
4.322322321999999986e+03
4.326326326000000336e+03
4.330330329999999776e+03
4.334334334000000126e+03
4.338338337999999567e+03
4.342342341999999917e+03
4.346346346000000267e+03
4.350350349999999708e+03
4.354354354000000058e+03
4.358358358000000408e+03
4.362362361999999848e+03
4.366366366000000198e+03
4.370370369999999639e+03
4.374374373999999989e+03
4.378378378000000339e+03
4.382382381999999780e+03
4.386386386000000130e+03
4.390390389999999570e+03
4.394394393999999920e+03
4.398398398000000270e+03
4.402402401999999711e+03
4.406406406000000061e+03
4.410410410000000411e+03
4.414414413999999852e+03
4.418418418000000202e+03
4.422422421999999642e+03
4.426426425999999992e+03
4.430430430000000342e+03
4.434434433999999783e+03
4.438438438000000133e+03
4.442442441999999573e+03
4.446446445999999924e+03
4.450450450000000274e+03
4.454454453999999714e+03
4.458458458000000064e+03
4.462462462000000414e+03
4.466466465999999855e+03
4.470470470000000205e+03
4.474474473999999645e+03
4.478478477999999996e+03
4.482482482000000346e+03
4.486486485999999786e+03
4.490490490000000136e+03
4.494494493999999577e+03
4.498498497999999927e+03
4.502502502999999706e+03
4.506506507000000056e+03
4.510510511000000406e+03
4.514514514999999847e+03
4.518518519000000197e+03
4.522522522999999637e+03
4.526526526999999987e+03
4.530530531000000337e+03
4.534534534999999778e+03
4.538538539000000128e+03
4.542542542999999569e+03
4.546546546999999919e+03
4.550550551000000269e+03
4.554554554999999709e+03
4.558558559000000059e+03
4.562562563000000409e+03
4.566566566999999850e+03
4.570570571000000200e+03
4.574574574999999641e+03
4.578578578999999991e+03
4.582582583000000341e+03
4.586586586999999781e+03
4.590590591000000131e+03
4.594594594999999572e+03
4.598598598999999922e+03
4.602602603000000272e+03
4.606606606999999713e+03
4.610610611000000063e+03
4.614614615000000413e+03
4.618618618999999853e+03
4.622622623000000203e+03
4.626626626999999644e+03
4.630630630999999994e+03
4.634634635000000344e+03
4.638638638999999785e+03
4.642642643000000135e+03
4.646646646999999575e+03
4.650650650999999925e+03
4.654654655000000275e+03
4.658658658999999716e+03
4.662662663000000066e+03
4.666666667000000416e+03
4.670670670999999857e+03
4.674674675000000207e+03
4.678678678999999647e+03
4.682682682999999997e+03
4.686686687000000347e+03
4.690690690999999788e+03
4.694694695000000138e+03
4.698698698999999579e+03
4.702702702999999929e+03
4.706706707000000279e+03
4.710710710999999719e+03
4.714714715000000069e+03
4.718718719000000419e+03
4.722722722999999860e+03
4.726726727000000210e+03
4.730730730999999651e+03
4.734734735000000001e+03
4.738738739000000351e+03
4.742742742999999791e+03
4.746746747000000141e+03
4.750750750999999582e+03
4.754754754999999932e+03
4.758758759000000282e+03
4.762762762999999723e+03
4.766766767000000073e+03
4.770770771000000423e+03
4.774774774999999863e+03
4.778778779000000213e+03
4.782782782999999654e+03
4.786786787000000004e+03
4.790790791000000354e+03
4.794794794999999795e+03
4.798798799000000145e+03
4.802802802999999585e+03
4.806806806999999935e+03
4.810810811000000285e+03
4.814814814999999726e+03
4.818818819000000076e+03
4.822822823000000426e+03
4.826826826999999867e+03
4.830830831000000217e+03
4.834834834999999657e+03
4.838838839000000007e+03
4.842842843000000357e+03
4.846846846999999798e+03
4.850850851000000148e+03
4.854854854999999588e+03
4.858858858999999939e+03
4.862862863000000289e+03
4.866866866999999729e+03
4.870870871000000079e+03
4.874874875000000429e+03
4.878878878999999870e+03
4.882882883000000220e+03
4.886886886999999660e+03
4.890890891000000011e+03
4.894894895000000361e+03
4.898898898999999801e+03
4.902902903000000151e+03
4.906906906999999592e+03
4.910910910999999942e+03
4.914914915000000292e+03
4.918918918999999732e+03
4.922922923000000083e+03
4.926926927000000433e+03
4.930930930999999873e+03
4.934934935000000223e+03
4.938938938999999664e+03
4.942942943000000014e+03
4.946946947000000364e+03
4.950950950999999804e+03
4.954954955000000155e+03
4.958958958999999595e+03
4.962962962999999945e+03
4.966966967000000295e+03
4.970970970999999736e+03
4.974974975000000086e+03
4.978978979000000436e+03
4.982982982999999876e+03
4.986986987000000227e+03
4.990990990999999667e+03
4.994994995000000017e+03
4.998998999000000367e+03
5.003003002999999808e+03
5.007007007000000158e+03
5.011011010999999598e+03
5.015015014999999948e+03
5.019019019000000299e+03
5.023023022999999739e+03
5.027027027000000089e+03
5.031031031000000439e+03
5.035035034999999880e+03
5.039039039000000230e+03
5.043043042999999670e+03
5.047047047000000020e+03
5.051051051000000371e+03
5.055055054999999811e+03
5.059059059000000161e+03
5.063063062999999602e+03
5.067067066999999952e+03
5.071071071000000302e+03
5.075075074999999742e+03
5.079079079000000092e+03
5.083083083000000443e+03
5.087087086999999883e+03
5.091091091000000233e+03
5.095095094999999674e+03
5.099099099000000024e+03
5.103103103000000374e+03
5.107107106999999814e+03
5.111111111000000164e+03
5.115115114999999605e+03
5.119119118999999955e+03
5.123123123000000305e+03
5.127127126999999746e+03
5.131131131000000096e+03
5.135135135000000446e+03
5.139139138999999886e+03
5.143143143000000236e+03
5.147147146999999677e+03
5.151151151000000027e+03
5.155155155000000377e+03
5.159159158999999818e+03
5.163163163000000168e+03
5.167167166999999608e+03
5.171171170999999958e+03
5.175175175000000309e+03
5.179179178999999749e+03
5.183183183000000099e+03
5.187187187000000449e+03
5.191191190999999890e+03
5.195195195000000240e+03
5.199199198999999680e+03
5.203203203000000030e+03
5.207207207000000381e+03
5.211211210999999821e+03
5.215215215000000171e+03
5.219219218999999612e+03
5.223223222999999962e+03
5.227227227000000312e+03
5.231231230999999752e+03
5.235235235000000102e+03
5.239239239000000453e+03
5.243243242999999893e+03
5.247247247000000243e+03
5.251251250999999684e+03
5.255255255000000034e+03
5.259259259000000384e+03
5.263263262999999824e+03
5.267267267000000174e+03
5.271271270999999615e+03
5.275275274999999965e+03
5.279279279000000315e+03
5.283283282999999756e+03
5.287287287000000106e+03
5.291291290999999546e+03
5.295295294999999896e+03
5.299299299000000246e+03
5.303303302999999687e+03
5.307307307000000037e+03
5.311311311000000387e+03
5.315315314999999828e+03
5.319319319000000178e+03
5.323323322999999618e+03
5.327327326999999968e+03
5.331331331000000318e+03
5.335335334999999759e+03
5.339339339000000109e+03
5.343343342999999550e+03
5.347347346999999900e+03
5.351351351000000250e+03
5.355355354999999690e+03
5.359359359000000040e+03
5.363363363000000390e+03
5.367367366999999831e+03
5.371371371000000181e+03
5.375375374999999622e+03
5.379379378999999972e+03
5.383383383000000322e+03
5.387387386999999762e+03
5.391391391000000112e+03
5.395395394999999553e+03
5.399399398999999903e+03
5.403403403000000253e+03
5.407407406999999694e+03
5.411411411000000044e+03
5.415415415000000394e+03
5.419419418999999834e+03
5.423423423000000184e+03
5.427427426999999625e+03
5.431431430999999975e+03
5.435435435000000325e+03
5.439439438999999766e+03
5.443443443000000116e+03
5.447447446999999556e+03
5.451451450999999906e+03
5.455455455000000256e+03
5.459459458999999697e+03
5.463463463000000047e+03
5.467467467000000397e+03
5.471471470999999838e+03
5.475475475000000188e+03
5.479479478999999628e+03
5.483483482999999978e+03
5.487487487000000328e+03
5.491491490999999769e+03
5.495495495000000119e+03
5.499499498999999560e+03
5.503503504000000248e+03
5.507507507999999689e+03
5.511511512000000039e+03
5.515515516000000389e+03
5.519519519999999829e+03
5.523523524000000180e+03
5.527527527999999620e+03
5.531531531999999970e+03
5.535535536000000320e+03
5.539539539999999761e+03
5.543543544000000111e+03
5.547547547999999551e+03
5.551551551999999901e+03
5.555555556000000252e+03
5.559559559999999692e+03
5.563563564000000042e+03
5.567567568000000392e+03
5.571571571999999833e+03
5.575575576000000183e+03
5.579579579999999623e+03
5.583583583999999973e+03
5.587587588000000324e+03
5.591591591999999764e+03
5.595595596000000114e+03
5.599599599999999555e+03
5.603603603999999905e+03
5.607607608000000255e+03
5.611611611999999695e+03
5.615615616000000045e+03
5.619619620000000396e+03
5.623623623999999836e+03
5.627627628000000186e+03
5.631631631999999627e+03
5.635635635999999977e+03
5.639639640000000327e+03
5.643643643999999767e+03
5.647647648000000117e+03
5.651651651999999558e+03
5.655655655999999908e+03
5.659659660000000258e+03
5.663663663999999699e+03
5.667667668000000049e+03
5.671671672000000399e+03
5.675675675999999839e+03
5.679679680000000189e+03
5.683683683999999630e+03
5.687687687999999980e+03
5.691691692000000330e+03
5.695695695999999771e+03
5.699699700000000121e+03
5.703703703999999561e+03
5.707707707999999911e+03
5.711711712000000261e+03
5.715715715999999702e+03
5.719719720000000052e+03
5.723723724000000402e+03
5.727727727999999843e+03
5.731731732000000193e+03
5.735735735999999633e+03
5.739739739999999983e+03
5.743743744000000333e+03
5.747747747999999774e+03
5.751751752000000124e+03
5.755755755999999565e+03
5.759759759999999915e+03
5.763763764000000265e+03
5.767767767999999705e+03
5.771771772000000055e+03
5.775775776000000405e+03
5.779779779999999846e+03
5.783783784000000196e+03
5.787787787999999637e+03
5.791791791999999987e+03
5.795795796000000337e+03
5.799799799999999777e+03
5.803803804000000127e+03
5.807807807999999568e+03
5.811811811999999918e+03
5.815815816000000268e+03
5.819819819999999709e+03
5.823823824000000059e+03
5.827827828000000409e+03
5.831831831999999849e+03
5.835835836000000199e+03
5.839839839999999640e+03
5.843843843999999990e+03
5.847847848000000340e+03
5.851851851999999781e+03
5.855855856000000131e+03
5.859859859999999571e+03
5.863863863999999921e+03
5.867867868000000271e+03
5.871871871999999712e+03
5.875875876000000062e+03
5.879879880000000412e+03
5.883883883999999853e+03
5.887887888000000203e+03
5.891891891999999643e+03
5.895895895999999993e+03
5.899899900000000343e+03
5.903903903999999784e+03
5.907907908000000134e+03
5.911911911999999575e+03
5.915915915999999925e+03
5.919919920000000275e+03
5.923923923999999715e+03
5.927927928000000065e+03
5.931931932000000415e+03
5.935935935999999856e+03
5.939939940000000206e+03
5.943943943999999647e+03
5.947947947999999997e+03
5.951951952000000347e+03
5.955955955999999787e+03
5.959959960000000137e+03
5.963963963999999578e+03
5.967967967999999928e+03
5.971971972000000278e+03
5.975975975999999719e+03
5.979979980000000069e+03
5.983983984000000419e+03
5.987987987999999859e+03
5.991991992000000209e+03
5.995995995999999650e+03
6.000000000000000000e+03
