1.157000000000000042e-03
2.314999999999999784e-03
3.471999999999999826e-03
4.629999999999999567e-03
5.786999999999999610e-03
6.943999999999999652e-03
8.101999999999999827e-03
9.258999999999999869e-03
1.041699999999999918e-02
1.157399999999999922e-02
1.273099999999999926e-02
1.388900000000000030e-02
1.504600000000000035e-02
1.620399999999999965e-02
1.736100000000000143e-02
1.851799999999999974e-02
1.967599999999999905e-02
2.083300000000000082e-02
2.199100000000000013e-02
2.314799999999999844e-02
2.430500000000000022e-02
2.546299999999999952e-02
2.662000000000000130e-02
2.777800000000000061e-02
2.893499999999999892e-02
3.009300000000000169e-02
3.125000000000000000e-02
3.240699999999999831e-02
3.356499999999999762e-02
3.472200000000000286e-02
3.588000000000000217e-02
3.703700000000000048e-02
3.819399999999999878e-02
3.935199999999999809e-02
4.050900000000000334e-02
4.166700000000000265e-02
4.282400000000000095e-02
4.398099999999999926e-02
4.513899999999999857e-02
4.629599999999999688e-02
4.745400000000000312e-02
4.861100000000000143e-02
4.976799999999999974e-02
5.092599999999999905e-02
5.208299999999999735e-02
5.324099999999999666e-02
5.439800000000000191e-02
5.555500000000000022e-02
5.671299999999999952e-02
5.786999999999999783e-02
5.902799999999999714e-02
6.018500000000000238e-02
6.134200000000000069e-02
6.250000000000000000e-02
6.365700000000000525e-02
6.481499999999999762e-02
6.597200000000000286e-02
6.712899999999999423e-02
6.828700000000000048e-02
6.944400000000000572e-02
7.060199999999999809e-02
7.175900000000000334e-02
7.291599999999999471e-02
7.407400000000000095e-02
7.523100000000000620e-02
7.638899999999999857e-02
7.754600000000000382e-02
7.870399999999999618e-02
7.986100000000000143e-02
8.101800000000000668e-02
8.217599999999999905e-02
8.333300000000000429e-02
8.449099999999999666e-02
8.564800000000000191e-02
8.680499999999999328e-02
8.796299999999999952e-02
8.912000000000000477e-02
9.027799999999999714e-02
9.143500000000000238e-02
9.259199999999999375e-02
9.375000000000000000e-02
9.490700000000000525e-02
9.606499999999999762e-02
9.722200000000000286e-02
9.837899999999999423e-02
9.953700000000000048e-02
1.006940000000000057e-01
1.018519999999999981e-01
1.030090000000000033e-01
1.041659999999999947e-01
1.053240000000000010e-01
1.064810000000000062e-01
1.076389999999999986e-01
1.087960000000000038e-01
1.099529999999999952e-01
1.111110000000000014e-01
1.122680000000000067e-01
1.134259999999999990e-01
1.145830000000000043e-01
1.157399999999999957e-01
1.168980000000000019e-01
1.180549999999999933e-01
1.192129999999999995e-01
1.203700000000000048e-01
1.215269999999999961e-01
1.226850000000000024e-01
1.238419999999999938e-01
1.250000000000000000e-01
1.261569999999999914e-01
1.273150000000000115e-01
1.284720000000000029e-01
1.296289999999999942e-01
1.307869999999999866e-01
1.319440000000000057e-01
1.331019999999999981e-01
1.342589999999999895e-01
1.354160000000000086e-01
1.365740000000000010e-01
1.377309999999999923e-01
1.388890000000000124e-01
1.400460000000000038e-01
1.412029999999999952e-01
1.423609999999999876e-01
1.435180000000000067e-01
1.446759999999999990e-01
1.458329999999999904e-01
1.469900000000000095e-01
1.481480000000000019e-01
1.493049999999999933e-01
1.504630000000000134e-01
1.516200000000000048e-01
1.527769999999999961e-01
1.539349999999999885e-01
1.550920000000000076e-01
1.562500000000000000e-01
1.574069999999999914e-01
1.585640000000000105e-01
1.597220000000000029e-01
1.608789999999999942e-01
1.620369999999999866e-01
1.631940000000000057e-01
1.643509999999999971e-01
1.655089999999999895e-01
1.666660000000000086e-01
1.678240000000000010e-01
1.689809999999999923e-01
1.701380000000000114e-01
1.712960000000000038e-01
1.724529999999999952e-01
1.736109999999999876e-01
1.747680000000000067e-01
1.759259999999999990e-01
1.770829999999999904e-01
1.782400000000000095e-01
1.793980000000000019e-01
1.805549999999999933e-01
1.817130000000000134e-01
1.828700000000000048e-01
1.840269999999999961e-01
1.851849999999999885e-01
1.863420000000000076e-01
1.875000000000000000e-01
1.886569999999999914e-01
1.898140000000000105e-01
1.909720000000000029e-01
1.921289999999999942e-01
1.932869999999999866e-01
1.944440000000000057e-01
1.956009999999999971e-01
1.967589999999999895e-01
1.979160000000000086e-01
1.990740000000000010e-01
2.002309999999999923e-01
2.013880000000000114e-01
2.025460000000000038e-01
2.037029999999999952e-01
2.048609999999999876e-01
2.060180000000000067e-01
2.071749999999999980e-01
2.083329999999999904e-01
2.094900000000000095e-01
2.106480000000000019e-01
2.118049999999999933e-01
2.129620000000000124e-01
2.141200000000000048e-01
2.152769999999999961e-01
2.164349999999999885e-01
2.175920000000000076e-01
2.187489999999999990e-01
2.199069999999999914e-01
2.210640000000000105e-01
2.222220000000000029e-01
2.233789999999999942e-01
2.245369999999999866e-01
2.256940000000000057e-01
2.268509999999999971e-01
2.280089999999999895e-01
2.291660000000000086e-01
2.303240000000000010e-01
2.314809999999999923e-01
2.326380000000000114e-01
2.337960000000000038e-01
2.349529999999999952e-01
2.361109999999999876e-01
2.372680000000000067e-01
2.384249999999999980e-01
2.395829999999999904e-01
2.407400000000000095e-01
2.418980000000000019e-01
2.430549999999999933e-01
2.442120000000000124e-01
2.453700000000000048e-01
2.465269999999999961e-01
2.476849999999999885e-01
2.488420000000000076e-01
2.499989999999999990e-01
2.511570000000000191e-01
2.523139999999999827e-01
2.534719999999999751e-01
2.546289999999999942e-01
2.557860000000000134e-01
2.569440000000000057e-01
2.581010000000000248e-01
2.592590000000000172e-01
2.604159999999999808e-01
2.615730000000000000e-01
2.627309999999999923e-01
2.638880000000000114e-01
2.650460000000000038e-01
2.662030000000000229e-01
2.673599999999999866e-01
2.685179999999999789e-01
2.696749999999999980e-01
2.708329999999999904e-01
2.719900000000000095e-01
2.731480000000000019e-01
2.743050000000000210e-01
2.754619999999999846e-01
2.766199999999999770e-01
2.777769999999999961e-01
2.789349999999999885e-01
2.800920000000000076e-01
2.812490000000000268e-01
2.824070000000000191e-01
2.835639999999999827e-01
2.847219999999999751e-01
2.858789999999999942e-01
2.870360000000000134e-01
2.881940000000000057e-01
2.893510000000000248e-01
2.905090000000000172e-01
2.916659999999999808e-01
2.928230000000000000e-01
2.939809999999999923e-01
2.951380000000000114e-01
2.962960000000000038e-01
2.974530000000000229e-01
2.986099999999999866e-01
2.997679999999999789e-01
3.009249999999999980e-01
3.020829999999999904e-01
3.032400000000000095e-01
3.043969999999999732e-01
3.055550000000000210e-01
3.067119999999999846e-01
3.078699999999999770e-01
3.090269999999999961e-01
3.101840000000000153e-01
3.113420000000000076e-01
3.124990000000000268e-01
3.136570000000000191e-01
3.148139999999999827e-01
3.159710000000000019e-01
3.171289999999999942e-01
3.182860000000000134e-01
3.194440000000000057e-01
3.206010000000000248e-01
3.217590000000000172e-01
3.229159999999999808e-01
3.240730000000000000e-01
3.252309999999999923e-01
3.263880000000000114e-01
3.275460000000000038e-01
3.287030000000000229e-01
3.298599999999999866e-01
3.310179999999999789e-01
3.321749999999999980e-01
3.333329999999999904e-01
3.344900000000000095e-01
3.356469999999999732e-01
3.368050000000000210e-01
3.379619999999999846e-01
3.391199999999999770e-01
3.402769999999999961e-01
3.414340000000000153e-01
3.425920000000000076e-01
3.437490000000000268e-01
3.449070000000000191e-01
3.460639999999999827e-01
3.472210000000000019e-01
3.483789999999999942e-01
3.495360000000000134e-01
3.506940000000000057e-01
3.518510000000000248e-01
3.530079999999999885e-01
3.541659999999999808e-01
3.553230000000000000e-01
3.564809999999999923e-01
3.576380000000000114e-01
3.587949999999999751e-01
3.599530000000000229e-01
3.611099999999999866e-01
3.622679999999999789e-01
3.634249999999999980e-01
3.645820000000000172e-01
3.657400000000000095e-01
3.668969999999999732e-01
3.680550000000000210e-01
3.692119999999999846e-01
3.703699999999999770e-01
3.715269999999999961e-01
3.726840000000000153e-01
3.738420000000000076e-01
3.749990000000000268e-01
3.761570000000000191e-01
3.773139999999999827e-01
3.784710000000000019e-01
3.796289999999999942e-01
3.807860000000000134e-01
3.819440000000000057e-01
3.831010000000000248e-01
3.842579999999999885e-01
3.854159999999999808e-01
3.865730000000000000e-01
3.877309999999999923e-01
3.888880000000000114e-01
3.900449999999999751e-01
3.912030000000000229e-01
3.923599999999999866e-01
3.935179999999999789e-01
3.946749999999999980e-01
3.958320000000000172e-01
3.969900000000000095e-01
3.981469999999999732e-01
3.993050000000000210e-01
4.004619999999999846e-01
4.016190000000000038e-01
4.027769999999999961e-01
4.039340000000000153e-01
4.050920000000000076e-01
4.062490000000000268e-01
4.074059999999999904e-01
4.085639999999999827e-01
4.097210000000000019e-01
4.108789999999999942e-01
4.120360000000000134e-01
4.131929999999999770e-01
4.143510000000000248e-01
4.155079999999999885e-01
4.166659999999999808e-01
4.178230000000000000e-01
4.189809999999999923e-01
4.201380000000000114e-01
4.212949999999999751e-01
4.224530000000000229e-01
4.236099999999999866e-01
4.247679999999999789e-01
4.259249999999999980e-01
4.270820000000000172e-01
4.282400000000000095e-01
4.293969999999999732e-01
4.305550000000000210e-01
4.317119999999999846e-01
4.328690000000000038e-01
4.340269999999999961e-01
4.351840000000000153e-01
4.363420000000000076e-01
4.374990000000000268e-01
4.386559999999999904e-01
4.398139999999999827e-01
4.409710000000000019e-01
4.421289999999999942e-01
4.432860000000000134e-01
4.444429999999999770e-01
4.456010000000000248e-01
4.467579999999999885e-01
4.479159999999999808e-01
4.490730000000000000e-01
4.502300000000000191e-01
4.513880000000000114e-01
4.525449999999999751e-01
4.537030000000000229e-01
4.548599999999999866e-01
4.560170000000000057e-01
4.571749999999999980e-01
4.583320000000000172e-01
4.594900000000000095e-01
4.606469999999999732e-01
4.618039999999999923e-01
4.629619999999999846e-01
4.641190000000000038e-01
4.652769999999999961e-01
4.664340000000000153e-01
4.675920000000000076e-01
4.687490000000000268e-01
4.699059999999999904e-01
4.710639999999999827e-01
4.722210000000000019e-01
4.733789999999999942e-01
4.745360000000000134e-01
4.756929999999999770e-01
4.768510000000000248e-01
4.780079999999999885e-01
4.791659999999999808e-01
4.803230000000000000e-01
4.814800000000000191e-01
4.826380000000000114e-01
4.837949999999999751e-01
4.849530000000000229e-01
4.861099999999999866e-01
4.872670000000000057e-01
4.884249999999999980e-01
4.895820000000000172e-01
4.907400000000000095e-01
4.918969999999999732e-01
4.930539999999999923e-01
4.942119999999999846e-01
4.953690000000000038e-01
4.965269999999999961e-01
4.976840000000000153e-01
4.988409999999999789e-01
4.999990000000000268e-01
5.011560000000000459e-01
5.023140000000000382e-01
5.034710000000000019e-01
5.046279999999999655e-01
5.057859999999999578e-01
5.069430000000000325e-01
5.081010000000000248e-01
5.092579999999999885e-01
5.104149999999999521e-01
5.115730000000000555e-01
5.127300000000000191e-01
5.138880000000000114e-01
5.150449999999999751e-01
5.162029999999999674e-01
5.173600000000000421e-01
5.185170000000000057e-01
5.196749999999999980e-01
5.208319999999999617e-01
5.219899999999999540e-01
5.231470000000000287e-01
5.243039999999999923e-01
5.254619999999999846e-01
5.266189999999999483e-01
5.277770000000000516e-01
5.289340000000000153e-01
5.300909999999999789e-01
5.312489999999999712e-01
5.324060000000000459e-01
5.335640000000000382e-01
5.347210000000000019e-01
5.358779999999999655e-01
5.370359999999999578e-01
5.381930000000000325e-01
5.393510000000000248e-01
5.405079999999999885e-01
5.416649999999999521e-01
5.428230000000000555e-01
5.439800000000000191e-01
5.451380000000000114e-01
5.462949999999999751e-01
5.474520000000000497e-01
5.486100000000000421e-01
5.497670000000000057e-01
5.509249999999999980e-01
5.520819999999999617e-01
5.532390000000000363e-01
5.543970000000000287e-01
5.555539999999999923e-01
5.567119999999999846e-01
5.578689999999999483e-01
5.590260000000000229e-01
5.601840000000000153e-01
5.613409999999999789e-01
5.624989999999999712e-01
5.636560000000000459e-01
5.648140000000000382e-01
5.659710000000000019e-01
5.671279999999999655e-01
5.682859999999999578e-01
5.694430000000000325e-01
5.706010000000000248e-01
5.717579999999999885e-01
5.729149999999999521e-01
5.740730000000000555e-01
5.752300000000000191e-01
5.763880000000000114e-01
5.775449999999999751e-01
5.787020000000000497e-01
5.798600000000000421e-01
5.810170000000000057e-01
5.821749999999999980e-01
5.833319999999999617e-01
5.844890000000000363e-01
5.856470000000000287e-01
5.868039999999999923e-01
5.879619999999999846e-01
5.891189999999999483e-01
5.902760000000000229e-01
5.914340000000000153e-01
5.925909999999999789e-01
5.937489999999999712e-01
5.949060000000000459e-01
5.960630000000000095e-01
5.972210000000000019e-01
5.983779999999999655e-01
5.995359999999999578e-01
